=== SVC Model ===
Accuracy: 0.9870
              precision    recall  f1-score   support

           0       1.00      1.00      1.00        53
           1       1.00      1.00      1.00        50
           2       1.00      1.00      1.00        47
           3       0.98      0.98      0.98        54
           4       1.00      1.00      1.00        60
           5       1.00      0.98      0.99        66
           6       0.98      1.00      0.99        53
           7       0.98      0.98      0.98        55
           8       0.95      0.98      0.97        43
           9       0.97      0.95      0.96        59

    accuracy                           0.99       540
   macro avg       0.99      0.99      0.99       540
weighted avg       0.99      0.99      0.99       540

=== Decision Tree Model ===
Accuracy: 0.8444
              precision    recall  f1-score   support

           0       0.92      0.89      0.90        53
           1       0.81      0.68      0.74        50
           2       0.73      0.79      0.76        47
           3       0.75      0.87      0.80        54
           4       0.85      0.85      0.85        60
           5       0.92      0.91      0.92        66
           6       0.88      0.92      0.90        53
           7       0.87      0.84      0.85        55
           8       0.88      0.86      0.87        43
           9       0.84      0.81      0.83        59

    accuracy                           0.84       540
   macro avg       0.84      0.84      0.84       540
weighted avg       0.85      0.84      0.84       540
