=== SVC Model ===
Accuracy: 0.9870
              precision    recall  f1-score   support

           0       1.00      1.00      1.00        53
           1       1.00      1.00      1.00        50
           2       1.00      1.00      1.00        47
           3       0.98      0.98      0.98        54
           4       1.00      1.00      1.00        60
           5       1.00      0.98      0.99        66
           6       0.98      1.00      0.99        53
           7       0.98      0.98      0.98        55
           8       0.95      0.98      0.97        43
           9       0.97      0.95      0.96        59

    accuracy                           0.99       540
   macro avg       0.99      0.99      0.99       540
weighted avg       0.99      0.99      0.99       540

=== Decision Tree Model ===
Accuracy: 0.8463
              precision    recall  f1-score   support

           0       1.00      0.89      0.94        53
           1       0.74      0.64      0.69        50
           2       0.79      0.79      0.79        47
           3       0.76      0.87      0.81        54
           4       0.84      0.87      0.85        60
           5       0.92      0.91      0.92        66
           6       0.86      0.92      0.89        53
           7       0.88      0.84      0.86        55
           8       0.80      0.86      0.83        43
           9       0.85      0.85      0.85        59

    accuracy                           0.85       540
   macro avg       0.84      0.84      0.84       540
weighted avg       0.85      0.85      0.85       540
